$ANSIBLE_VAULT;1.1;AES256
31653961623434656133373639333164663230616337313566383636313537623963323736376537
3631393761323432386266366132326435643665623338330a353630333239363864396134653333
36636261636562623762383765663234376361373036353362333161323465306266633062373730
6166393034356561620a373962303930633930326238633933643063383135656566623936366333
38366632383839386338356335343135666664343361343964356536333064613662396264333366
66646537613530333333353566613462366138303530633337336631383636346136363761366634
64313430323530653065323536623134336539363836613461643735303933396538646338393538
61316639613563623666653536363861383231356432323432616635656465653633303662653937
63653539656162623433616330363939666561313733623633306666663838336165356232373265
31623163306230306363343735303561633433613965306561663262393634343831373732643463
346236636338613531393431613230303936
